,feature,class_label
0,"[-190.0117     102.31136    -16.246258    20.978304    -7.5699286
    5.9879565  -21.883781     1.1568794  -25.37085     -6.378214
  -10.033031    -1.8499324  -14.90373      3.5278378   -9.699683
   -4.6196003   -8.374932     4.1151533  -17.34144     -4.5528936
 -105.07518     65.86312    -68.669945    21.781248   -16.206696
    1.0611771  -20.418686    15.675304   -21.640276     1.447939
  -14.12138      2.3776147  -23.332384     7.7980804  -13.5416565
    0.6556202   -7.1013885    9.496      -26.04718      0.9629697]",ataque
1,"[ -96.46623     90.81202    -59.434887    47.461735   -22.898964
   23.861876   -37.455055    15.859649   -31.906864    -1.6910455
   -7.8475213   -1.5991367    6.619372   -13.907688     1.7965258
  -10.374978     5.01221    -11.649517     3.0377262   -2.7071118
 -303.02914    132.95744    -32.23077     48.706028   -35.73051
   34.959892   -23.695131    -1.8221424  -18.470057   -15.486868
    1.9332843  -10.471884     9.126059   -16.960806     5.690522
   -6.5669026   -3.3043406   -3.9974701   -7.288715    -1.0460707]",resposta
2,"[-298.918      137.08487    -30.422958    51.05316    -32.266327
   25.779228   -23.639496     3.2621155  -14.910192   -13.366849
    0.515061   -13.30021      5.710299   -19.028845     6.26358
   -6.553214    -5.622784    -2.5747817   -7.100798    -2.9279273
 -104.69133     96.77559    -62.606293    48.15205    -23.229958
   26.633738   -36.683792     4.4228697  -21.814198     3.8948233
   -8.983038    -4.7127624    4.038196   -10.729291     6.441604
   -9.7142105    2.3814692   -8.919206    -2.13994     -7.7758036]",ataque
3,"[-1.31611053e+02  1.02911446e+02 -4.95664177e+01  5.19903374e+01
 -1.78278313e+01  3.56676140e+01 -3.68373718e+01  1.09354172e+01
 -2.42076836e+01  7.72102785e+00 -1.29277430e+01 -6.33285093e+00
  7.02282846e-01 -5.05591393e+00 -9.97678041e-02 -1.09463148e+01
  9.65094376e+00 -1.55339851e+01  3.92781377e+00 -8.80715656e+00
 -1.56867676e+02  1.14052048e+02  1.22356710e+01  3.07213497e+01
 -1.75913644e+00  1.50026715e+00 -2.78669701e+01  1.48893309e+01
 -2.81854057e+01 -2.49459696e+00 -2.15516243e+01  1.78488624e+00
 -1.59081345e+01  1.27772176e+00 -1.23599386e+01  7.04799891e-01
 -1.17452583e+01  2.41528139e-01 -9.72734833e+00 -1.79298091e+00]",ataque
4,"[-1.40605927e+02  1.20304321e+02  1.57991343e+01  2.56464214e+01
 -1.08206488e-01  3.20182824e+00 -2.77137203e+01  1.51330252e+01
 -3.30739555e+01 -5.81092978e+00 -2.43528214e+01  3.49507737e+00
 -1.63161011e+01  8.66538239e+00 -1.24666643e+01  6.26566553e+00
 -9.60263729e+00  5.57454205e+00 -9.50252914e+00 -4.75632846e-02
 -1.62513779e+02  1.17047523e+02 -6.08361006e+00  3.57466202e+01
 -2.84777889e+01  2.36316433e+01 -3.39579353e+01  1.53418207e+01
 -2.53531761e+01  5.25609684e+00 -6.08074379e+00  1.09412491e+00
 -1.06692095e+01 -3.27524853e+00 -1.87263504e-01 -9.31595516e+00
  8.28414154e+00 -1.13784180e+01  7.37929201e+00 -1.33605814e+01]",ataque
5,"[-100.94248     79.71047    -52.04116     62.27914    -33.68622
   25.213894   -42.2762      18.80964    -32.005608     3.481554
   -7.3275776    2.4125192   -1.7271104   -9.357756     2.2385945
   -6.110803     8.327723   -16.444414     5.485312   -15.177539
 -119.30695    111.499756     0.8234097   29.590069    -4.934189
    1.7467304  -31.39292     15.045123   -29.518665    -7.5638204
  -23.380875     4.2743034  -15.618418     7.9360485  -12.573051
    6.480242    -8.958775     2.7885256   -9.9515505    2.5696182]",resposta
